13.50 & & -8.78 & -16.56 & 16.25 & 11.07 & -13.81 & 12.44 & -14.12\\
-8.78 &  6.19 & 11.16 & -11.03 & & -7.71 &  8.91 & & -8.84 & 10.10\\
16.56 & 11.16 & 20.63 & -20.31 & -14.00 & 16.88 & -15.87 & 18.07\\
16.25 & -11.03 & -20.31 & 20.00 & 13.82 & -16.56 & 15.69 & -17.87\\
11.07 & & -7.71 & -14.00 & 13.82 &  9.63 & -11.25 & 11.00 & -12.56\\
13.81 &  8.91 & 16.88 & -16.56 & -11.25 & 14.13 & -12.62 & 14.32\\
12.44 & & -8.84 & -15.87 & 15.69 & 11.00 & -12.62 & 12.63 & -14.43\\
14.12 & 10.10 & 18.07 & -17.87 & -12.56 & 14.32 & -14.43 & 16.50
